18087 03 25 23 14 19 01 04
18086 29 31 24 22 16 05 04
18085 31 01 02 25 14 05 07
18084 22 06 17 11 35 12 11
18083 27 07 28 12 25 11 10
18082 01 14 02 18 17 08 10
18081 02 21 35 13 10 12 01
18080 26 16 24 31 07 10 11
18079 27 04 03 29 10 01 05
18078 22 12 07 11 30 06 03
18077 06 15 26 01 09 08 09
18076 28 07 18 29 32 08 06
18075 06 12 34 20 01 04 12
18074 12 28 09 03 30 12 04
18073 13 25 19 29 24 02 08
18072 12 05 17 26 24 02 01
18071 30 02 31 05 23 03 09
18070 16 10 30 02 05 07 04
18069 08 13 24 21 01 02 11
18068 16 12 33 26 08 05 06
18067 12 07 03 31 18 10 07
18066 20 33 23 32 01 01 04
18065 28 32 07 31 10 08 10
18064 29 01 03 04 11 02 04
18063 05 32 34 15 14 03 10
18062 14 35 12 23 19 07 02
18061 31 12 28 10 04 11 08
18060 27 22 04 31 29 10 02
18059 09 35 27 01 10 11 06
18058 09 11 12 32 26 04 10
18057 22 19 27 13 28 05 06
18056 34 16 02 28 04 05 07
18055 20 33 34 03 07 09 10
18054 12 20 09 10 30 07 01
18053 25 23 21 11 16 12 02
18052 16 18 05 25 19 02 07
18051 18 35 28 29 09 03 11
18050 24 34 35 26 22 06 12
18049 04 09 07 13 10 12 06
18048 03 02 20 11 25 02 07
18047 03 08 14 20 10 04 08
18046 20 32 29 10 22 05 10
18045 02 35 20 05 30 05 09
18044 04 06 02 18 21 05 08
18043 03 06 13 33 28 04 11
18042 25 29 03 35 19 05 09
18041 23 25 33 31 01 01 12
18040 18 27 31 05 07 08 01
18039 14 32 07 29 02 11 10
18038 23 31 14 25 32 01 03
18037 27 30 01 31 03 02 11
18036 17 18 11 27 21 08 07
18035 05 24 07 10 12 11 07
18034 22 08 27 32 11 03 07
18033 19 34 23 03 02 04 09
18032 17 32 07 10 35 05 12
18031 23 17 13 03 08 05 11
18030 05 28 18 32 21 11 09
18029 21 25 03 29 09 08 01
18028 04 19 25 30 35 04 07
18027 01 26 18 21 20 11 04
18026 04 01 03 30 02 05 03
18025 09 15 34 08 07 08 07
18024 32 02 16 30 24 04 07
18023 13 18 29 12 21 08 02
18022 33 19 10 35 02 05 06
18021 08 06 05 15 09 04 11
18020 21 10 01 14 13 12 09
18019 10 21 19 11 28 05 12
18018 28 24 08 13 06 06 12
18017 31 21 23 04 19 04 09
18016 01 12 02 23 13 09 12
18015 13 15 18 04 29 05 11
18014 31 24 14 16 18 01 08
18013 24 08 33 31 35 10 07
18012 29 24 22 03 34 11 07
18011 15 03 13 26 23 10 01
18010 25 28 24 29 26 12 04
18009 30 34 28 12 10 03 04
18008 09 17 15 22 20 11 10
18007 04 28 31 34 03 04 11
18006 19 32 20 33 30 05 03
18005 30 24 23 09 04 11 08
18004 04 30 22 28 09 01 10
18003 30 21 23 24 04 09 10
18002 34 12 20 23 27 06 01
18001 13 35 01 25 22 03 04
17153 01 26 24 09 34 09 12
17152 23 07 28 02 04 02 08
17151 05 23 32 28 06 04 05
17150 10 03 06 18 13 09 11
17149 26 19 25 10 18 12 04
17148 27 19 31 32 35 12 11
17147 34 25 17 05 16 01 11
17146 05 01 35 14 11 09 10
17145 04 18 19 17 07 10 03
17144 23 21 29 32 03 10 11
17143 29 24 32 09 06 02 07
17142 01 19 05 28 16 10 02
17141 08 21 29 02 22 05 03
17140 16 10 29 26 25 05 01
17139 06 25 19 32 02 12 09
17138 20 25 07 04 09 11 02
17137 28 01 20 29 22 07 05
17136 22 11 01 20 21 04 03
17135 12 01 19 15 22 04 02
17134 32 34 18 19 07 02 10
17133 15 33 17 19 32 01 03
17132 23 27 17 26 11 01 10
17131 34 05 08 19 03 12 01
17130 34 18 28 33 05 03 04
17129 20 33 32 17 05 04 09
17128 18 13 33 09 11 03 02
17127 22 18 21 02 15 10 03
17126 03 13 33 04 24 11 01
17125 28 18 26 07 11 05 04
17124 30 29 35 03 32 08 03
17123 23 26 03 32 15 01 12
17122 12 03 29 34 18 11 03
17121 01 06 12 26 31 07 01
17120 27 26 08 24 15 06 05
17119 35 29 13 05 07 03 08
17118 33 16 07 20 02 03 11
17117 05 09 32 24 07 10 08
17116 02 32 30 27 33 03 01
17115 19 14 31 25 20 06 08
17114 06 18 12 07 23 12 01
17113 18 23 05 08 17 12 04
17112 06 05 31 32 20 12 06
17111 02 34 26 17 14 08 12
17110 20 10 14 21 35 05 02
17109 34 19 26 06 09 05 07
17108 21 22 01 04 15 09 04
17107 10 04 25 27 19 06 12
17106 09 12 29 23 18 02 04
17105 04 32 22 24 15 09 02
17104 27 11 22 30 09 09 11
17103 24 29 04 19 20 03 04
17102 24 01 23 29 12 08 12
17101 21 25 15 05 29 05 08
17100 18 05 19 31 02 01 09
17099 24 09 18 08 17 07 03
17098 35 06 17 09 30 11 10
17097 19 22 07 34 14 12 07
17096 07 28 09 03 17 04 12
17095 32 15 33 34 35 12 03
17094 08 33 03 29 05 04 08
17093 29 05 21 17 06 02 04
17092 03 34 07 09 17 04 05
17091 05 01 19 07 16 03 12
17090 06 03 35 15 22 11 09
17089 06 03 18 15 05 10 03
17088 34 35 05 28 31 08 09
17087 29 14 35 21 03 02 06
17086 31 18 22 12 15 08 01
17085 30 13 09 25 14 05 02
17084 06 21 11 14 31 12 09
17083 22 02 05 14 34 03 09
17082 21 05 25 13 20 08 09
17081 34 02 12 15 20 01 06
17080 30 08 21 10 31 05 02
17079 17 19 01 33 32 11 02
17078 05 34 27 31 04 03 06
17077 03 04 25 31 01 09 06
17076 25 35 02 30 07 07 12
17075 35 16 11 18 05 06 01
17074 17 11 10 08 13 11 08
17073 31 18 07 33 28 01 02
17072 32 01 03 29 34 05 02
17071 33 01 14 04 11 07 05
17070 26 06 16 18 30 03 02
17069 16 32 20 23 10 11 08
17068 19 07 24 27 08 07 06
17067 17 18 32 10 35 11 10
17066 26 15 30 23 11 11 02
17065 11 28 12 05 19 12 05
17064 08 27 30 20 01 03 04
17063 29 21 18 22 24 05 11
17062 06 08 01 28 04 12 08
17061 23 10 25 19 30 04 02
17060 15 20 31 09 26 05 12
17059 11 13 17 08 15 03 10
17058 20 28 21 14 18 03 06
17057 24 19 23 16 12 05 02
17056 24 32 01 04 27 10 03
17055 22 19 30 20 33 03 09
17054 16 30 33 32 29 05 04
17053 19 26 20 06 22 01 11
17052 24 28 33 19 03 12 04
17051 29 22 18 17 14 11 10
17050 14 12 17 20 28 02 06
17049 09 31 12 22 14 08 05
17048 09 07 15 19 13 10 03
17047 33 19 34 15 32 12 09
17046 23 04 30 17 20 02 03
17045 21 08 35 01 11 09 12
17044 25 18 11 17 16 02 09
17043 25 35 22 13 06 12 09
17042 02 34 31 33 17 01 07
17041 02 25 31 04 06 09 05
17040 04 06 10 29 23 11 09
17039 14 17 26 05 06 03 08
17038 05 04 27 18 13 03 09
17037 15 32 13 34 16 11 06
17036 33 01 09 04 18 05 02
17035 17 22 33 14 30 07 12
17034 29 12 06 26 21 02 11
17033 23 34 15 22 25 05 11
17032 29 13 02 18 14 09 03
17031 16 02 32 17 30 09 02
17030 34 22 21 29 24 06 05
17029 17 06 01 29 14 11 01
17028 23 22 33 18 06 11 09
17027 25 34 08 33 17 03 11
17026 25 14 32 10 19 02 07
17025 34 10 20 16 19 05 04
17024 23 32 21 29 35 11 12
17023 34 08 12 05 24 07 10
17022 24 17 03 09 02 06 12
17021 20 01 17 26 15 06 08
17020 27 24 16 28 21 07 04
17019 02 23 25 14 06 10 02
17018 10 17 07 23 06 09 01
17017 19 24 29 26 04 04 06
17016 03 30 33 13 28 10 09
17015 01 19 34 27 07 01 02
17014 04 24 15 08 25 02 05
17013 30 17 12 05 34 11 12
17012 35 26 05 04 24 07 12
17011 29 34 05 15 21 09 06
17010 35 10 13 04 18 02 01
17009 08 06 12 05 22 03 04
17008 25 32 09 04 03 02 04
17007 11 17 08 25 27 02 04
17006 32 33 06 04 23 05 06
17005 35 26 20 05 09 11 02
17004 31 08 11 28 05 06 07
17003 05 03 22 13 06 12 09
17002 07 12 14 31 34 09 11
17001 09 31 33 20 07 08 10
16154 06 29 21 16 17 04 06
16153 13 25 18 35 29 03 11
16152 08 30 22 17 24 11 05
16151 14 11 07 21 04 12 05
16150 01 24 18 10 29 10 07
16149 02 03 01 12 33 09 04
16148 05 23 25 15 14 06 08
16147 20 30 07 19 28 04 12
16146 22 25 29 34 21 01 11
16145 28 01 11 17 09 03 08
16144 13 04 22 05 31 10 05
16143 06 22 31 04 27 07 06
16142 23 06 01 26 17 12 06
16141 28 19 07 06 02 12 11
16140 34 29 12 16 23 04 11
16139 13 35 30 21 31 01 08
16138 13 29 35 12 16 11 05
16137 07 34 20 29 23 02 10
16136 06 19 05 23 07 04 11
16135 12 35 18 01 10 12 01
16134 31 32 03 34 01 07 02
16133 28 01 04 05 23 05 09
16132 35 22 18 04 19 02 01
16131 25 30 06 28 13 07 02
16130 23 32 34 11 33 12 01
16129 08 30 07 19 35 08 09
16128 33 20 30 17 22 08 07
16127 15 26 05 24 01 10 09
16126 16 11 24 19 13 08 06
16125 30 28 06 07 08 02 01
16124 29 13 04 24 26 08 11
16123 13 05 04 20 32 01 10
16122 12 01 29 03 14 06 02
16121 08 15 04 05 20 06 01
16120 34 20 10 32 03 04 07
16119 03 02 09 21 22 10 05
16118 24 15 12 29 18 11 03
16117 14 03 23 16 09 02 09
16116 19 34 04 06 08 12 10
16115 01 04 15 31 34 02 11
16114 33 20 16 32 17 03 07
16113 34 17 10 11 30 03 12
16112 22 23 32 07 31 04 05
16111 27 09 22 04 26 12 02
16110 20 21 30 07 23 10 07
16109 28 31 34 03 25 11 12
16108 23 17 25 10 22 07 09
16107 24 06 02 26 19 04 06
16106 33 30 03 35 21 01 04
16105 11 34 35 31 08 01 02
16104 23 01 30 20 22 06 07
16103 20 29 23 14 05 03 11
16102 05 03 06 35 34 03 12
16101 28 35 06 33 04 12 07
16100 12 19 08 26 30 12 02
16099 04 03 14 27 12 01 05
16098 11 09 08 20 29 04 05
16097 06 33 31 08 18 10 12
16096 12 08 06 21 01 05 10
16095 18 12 21 19 08 06 03
16094 16 14 17 18 01 05 07
16093 30 14 08 01 35 06 07
16092 34 31 33 13 02 07 11
16091 13 21 22 08 17 02 08
16090 32 04 28 06 08 12 07
16089 28 07 17 34 14 07 10
16088 06 17 30 21 04 11 06
16087 03 25 17 16 23 07 09
16086 25 05 03 22 30 07 09
16085 27 31 32 14 15 07 01
16084 15 26 35 08 12 08 01
16083 01 35 33 09 05 01 05
16082 08 23 03 29 28 07 02
16081 18 21 06 07 33 08 03
16080 33 30 15 20 29 12 07
16079 14 20 15 07 27 10 05
16078 31 18 29 07 35 05 11
16077 16 35 14 09 11 05 02
16076 08 31 03 10 17 05 06
16075 03 07 17 22 31 08 12
16074 05 14 01 11 07 08 03
16073 24 14 17 27 07 08 10
16072 20 31 26 16 24 09 04
16071 15 20 19 33 08 07 12
16070 09 23 02 13 19 07 05
16069 17 19 14 30 23 09 02
16068 22 26 05 34 07 12 07
16067 02 19 11 13 08 02 08
16066 29 31 28 33 10 11 05
16065 18 01 24 22 09 11 12
16064 02 01 18 35 10 05 11
16063 35 22 12 27 08 09 05
16062 14 35 02 15 10 01 09
16061 23 21 15 09 17 12 07
16060 22 34 02 27 06 11 08
16059 33 02 28 10 27 05 07
16058 23 28 15 02 17 09 05
16057 17 30 23 08 19 03 08
16056 12 35 10 14 31 04 05
16055 21 34 06 30 27 04 09
16054 05 30 09 21 02 06 07
16053 13 30 35 04 15 05 03
16052 14 33 19 20 08 11 10
16051 21 24 23 16 32 07 08
16050 17 21 35 29 07 05 04
16049 05 33 03 04 27 09 04
16048 12 25 17 27 04 10 04
16047 23 03 29 32 02 09 05
16046 19 22 34 03 32 12 08
16045 30 33 25 07 11 02 08
16044 20 10 01 31 06 11 05
16043 16 09 33 01 34 09 12
16042 24 06 19 02 08 06 01
16041 27 24 23 34 12 03 06
16040 35 29 20 22 30 06 01
16039 01 28 22 16 08 04 05
16038 33 03 15 09 07 12 05
16037 13 34 05 24 03 03 05
16036 26 07 30 15 31 03 06
16035 22 17 29 25 24 09 12
16034 31 18 32 35 14 10 09
16033 14 15 31 35 03 10 09
16032 33 09 14 20 05 12 05
16031 24 03 27 14 29 11 04
16030 21 29 19 33 10 06 04
16029 26 27 32 29 20 12 05
16028 13 31 18 23 20 06 03
16027 11 13 15 06 28 06 02
16026 34 02 06 30 29 07 01
16025 23 24 06 13 03 07 10
16024 02 15 11 01 18 08 04
16023 04 14 09 25 27 06 11
16022 18 21 30 04 35 11 02
16021 09 35 01 04 10 11 09
16020 22 16 29 01 30 02 09
16019 26 20 15 11 04 09 08
16018 33 13 27 05 10 11 08
16017 29 28 24 18 11 05 10
16016 22 03 32 10 29 05 02
16015 30 13 01 04 10 09 03
16014 06 21 24 08 27 10 02
16013 03 21 23 31 35 11 02
16012 23 05 28 07 11 03 12
16011 15 10 08 02 23 05 10
16010 13 28 15 12 16 02 05
16009 05 20 17 08 10 12 02
16008 35 12 05 31 34 05 04
16007 32 05 02 35 14 03 01
16006 16 17 14 22 24 02 09
16005 09 06 20 15 12 11 08
16004 10 23 20 32 35 09 10
16003 04 12 22 17 26 07 06
16002 07 12 25 35 18 09 07
16001 07 30 20 19 01 05 10
15153 27 01 22 07 33 02 11
15152 35 05 22 29 04 02 11
15151 16 30 35 15 18 01 07
15150 33 18 13 04 25 07 03
15149 06 28 10 04 12 08 02
15148 33 11 08 27 31 08 09
15147 01 13 02 19 18 08 10
15146 19 31 15 27 04 04 11
15145 20 32 07 29 06 12 11
15144 09 29 24 01 26 11 06
15143 20 35 33 31 09 11 10
15142 12 26 22 30 14 03 06
15141 04 19 02 31 15 02 03
15140 01 15 11 35 26 06 11
15139 05 02 03 32 25 05 07
15138 01 29 32 20 16 04 07
15137 23 17 26 14 21 08 11
15136 20 29 05 23 32 10 02
15135 16 25 05 20 29 08 06
15134 35 01 02 15 06 04 07
15133 25 07 03 08 30 04 08
15132 03 08 18 14 27 05 01
15131 19 17 27 11 20 02 03
15130 31 17 32 34 25 02 12
15129 01 29 25 06 23 03 09
15128 30 32 23 12 10 04 03
15127 09 19 11 30 14 08 03
15126 05 21 04 09 08 03 06
15125 02 28 17 03 15 10 08
15124 06 04 12 31 32 06 03
15123 04 29 30 27 15 10 02
15122 11 26 35 15 13 06 11
15121 04 28 27 17 02 04 06
15120 09 24 15 32 01 05 10
15119 21 12 08 01 16 06 11
15118 31 20 07 24 03 04 09
15117 20 06 33 30 17 11 10
15116 10 33 19 07 24 07 03
15115 12 14 08 16 13 03 09
15114 31 24 09 34 18 02 10
15113 01 14 21 29 33 10 02
15112 19 15 05 28 04 11 04
15111 16 24 07 08 28 10 03
15110 02 10 07 30 22 07 11
15109 01 06 31 22 11 12 03
15108 26 16 13 31 01 07 12
15107 23 28 03 25 29 07 06
15106 13 02 11 22 30 03 02
15105 15 21 08 27 09 09 05
15104 19 34 30 25 16 04 09
15103 15 34 09 07 25 10 04
15102 33 15 11 34 14 03 12
15101 32 06 17 18 12 12 07
15100 09 15 23 32 18 05 07
15099 25 22 09 14 12 10 05
15098 14 33 27 09 21 06 09
15097 26 17 16 04 27 01 04
15096 03 12 21 09 18 02 06
15095 14 35 34 26 08 05 10
15094 11 29 03 02 10 03 07
15093 25 26 27 16 17 04 02
15092 34 27 02 21 14 08 05
15091 07 30 28 02 29 07 03
15090 21 11 09 06 17 06 08
15089 18 27 20 05 12 12 10
15088 15 31 28 05 34 11 12
15087 02 22 05 15 17 01 11
15086 32 11 09 15 05 09 04
15085 03 06 16 02 04 12 03
15084 20 32 21 34 10 07 06
15083 19 29 16 25 14 10 12
15082 28 08 33 31 15 03 06
15081 04 17 03 10 13 09 05
15080 20 32 30 29 14 03 08
15079 09 01 24 23 17 04 05
15078 28 19 33 24 26 01 02
15077 16 28 22 01 17 02 09
15076 19 03 21 34 31 12 05
15075 14 27 13 33 26 10 12
15074 21 01 12 33 27 09 04
15073 09 27 26 34 30 06 01
15072 33 20 21 19 31 09 10
15071 04 06 13 16 34 04 10
15070 17 18 03 12 09 12 04
15069 02 25 11 22 09 01 07
15068 02 35 20 31 03 08 04
15067 18 04 27 24 10 04 11
15066 03 01 29 07 13 10 02
15065 04 05 07 35 13 11 08
15064 02 20 31 08 28 07 10
15063 06 01 35 04 34 04 02
15062 15 14 07 06 13 01 04
15061 16 06 08 22 07 10 02
15060 24 25 26 33 16 11 04
15059 09 19 23 07 32 03 01
15058 27 20 10 14 30 12 07
15057 26 14 05 01 07 06 04
15056 19 35 26 12 06 03 10
15055 20 14 30 06 11 05 10
15054 09 34 15 24 02 03 09
15053 29 25 32 08 28 04 07
15052 13 24 19 27 29 07 08
15051 21 11 01 02 16 01 05
15050 06 28 07 20 10 07 02
15049 22 15 09 11 08 08 10
15048 11 22 10 33 24 09 02
15047 31 02 23 17 01 12 05
15046 05 26 22 10 07 04 10
15045 08 22 30 09 29 12 08
15044 31 16 27 18 33 01 03
15043 29 22 02 20 25 02 07
15042 12 24 17 07 03 02 11
15041 21 28 23 01 11 01 10
15040 02 10 23 35 09 12 09
15039 07 03 06 25 16 01 06
15038 35 12 22 19 31 08 07
15037 21 16 31 10 28 08 07
15036 23 24 20 14 18 04 08
15035 35 30 24 22 29 10 01
15034 15 08 18 26 04 09 05
15033 22 28 26 03 17 07 03
15032 30 25 27 21 06 11 07
15031 33 32 29 21 07 04 12
15030 19 26 31 18 09 02 05
15029 30 07 10 19 35 03 05
15028 28 32 09 33 03 10 09
15027 28 22 21 25 05 10 03
15026 13 14 11 15 22 08 02
15025 07 10 22 27 20 11 10
15024 08 16 34 02 06 04 03
15023 11 06 22 09 12 11 03
15022 09 11 14 15 26 12 11
15021 26 31 23 24 22 05 06
15020 28 11 29 26 32 04 01
15019 24 08 22 02 16 01 03
15018 10 07 04 31 23 07 03
15017 29 17 16 13 07 01 07
15016 16 07 06 20 34 09 11
15015 32 13 05 01 17 04 11
15014 16 08 35 25 29 03 10
15013 28 35 25 15 11 07 10
15012 04 06 31 03 11 05 09
15011 30 25 13 22 04 06 01
15010 02 30 06 35 17 07 02
15009 17 22 26 27 33 10 06
15008 07 15 11 17 10 10 03
15007 31 02 07 08 14 04 08
15006 06 33 08 32 30 03 07
15005 19 14 11 18 15 07 08
15004 14 28 12 03 18 05 06
15003 34 28 19 27 12 01 12
15002 20 32 03 14 26 06 10
15001 27 08 19 09 30 07 06
14154 17 12 05 23 28 09 02
14153 08 24 01 32 13 05 10
14152 12 05 18 24 33 05 01
14151 31 03 26 08 32 12 08
14150 35 21 19 30 33 07 05
14149 02 35 13 19 26 01 05
14148 20 03 10 11 09 07 09
14147 26 34 14 05 09 02 09
14146 16 02 23 24 28 10 11
14145 15 24 19 22 26 10 11
14144 24 35 01 21 25 04 11
14143 14 11 25 18 01 10 06
14142 18 25 21 28 30 04 06
14141 17 29 26 20 04 05 08
14140 25 34 19 20 01 12 07
14139 05 15 03 07 34 10 01
14138 01 29 32 07 34 09 12
14137 34 22 02 11 16 05 02
14136 34 04 20 35 18 11 07
14135 28 26 20 35 30 12 09
14134 32 07 05 02 11 12 09
14133 14 12 02 08 18 04 12
14132 32 01 19 04 03 01 07
14131 16 23 27 19 03 03 07
14130 32 18 31 02 33 07 05
14129 28 07 32 22 30 05 06
14128 22 02 16 04 34 08 11
14127 06 15 19 04 02 11 02
14126 30 09 02 22 34 09 10
14125 23 15 19 31 12 04 10
14124 01 29 03 35 28 08 12
14123 22 25 01 09 12 09 02
14122 25 03 35 10 26 01 07
14121 22 13 16 32 18 08 10
14120 33 06 18 01 04 11 05
14119 04 08 13 09 18 12 08
14118 26 24 23 02 03 05 11
14117 33 18 14 17 03 09 06
14116 24 06 15 27 13 04 05
14115 26 30 05 29 01 02 10
14114 24 03 16 33 30 05 08
14113 13 02 17 19 23 01 06
14112 14 05 32 03 18 10 02
14111 11 29 16 20 18 03 04
14110 18 09 24 19 22 11 08
14109 21 20 15 23 18 02 01
14108 13 01 02 35 23 12 09
14107 13 21 34 14 05 10 08
14106 09 22 11 20 05 05 11
14105 10 04 29 32 26 08 04
14104 07 13 28 32 14 04 11
14103 14 23 20 26 25 12 10
14102 07 19 14 01 20 12 03
14101 09 12 17 28 10 03 11
14100 12 08 02 04 35 01 07
14099 21 33 23 22 15 01 07
14098 16 22 18 25 35 10 03
14097 20 03 23 21 15 07 09
14096 23 31 03 07 21 10 05
14095 30 34 06 22 31 06 05
14094 13 14 25 24 34 04 07
14093 30 34 32 03 08 09 11
14092 27 18 32 30 02 11 05
14091 18 16 32 10 29 02 07
14090 23 03 28 02 20 08 06
14089 08 30 29 02 12 07 12
14088 25 13 20 07 26 08 11
14087 04 33 35 31 07 09 10
14086 29 08 06 27 35 09 03
14085 25 06 29 13 12 11 12
14084 09 28 02 11 07 05 09
14083 35 20 33 24 18 05 10
14082 18 25 01 23 08 08 12
14081 08 03 25 05 10 09 12
14080 20 27 25 23 17 03 10
14079 31 09 10 20 32 06 10
14078 22 28 15 16 10 04 05
14077 31 26 32 09 16 05 01
14076 31 05 10 32 19 09 10
14075 35 05 29 07 32 10 04
14074 06 27 30 11 22 11 05
14073 13 05 04 35 07 05 06
14072 17 22 19 24 30 02 09
14071 22 15 14 04 23 07 01
14070 07 01 02 10 32 12 04
14069 16 27 22 31 29 09 02
14068 29 35 24 15 05 05 06
14067 24 23 31 18 03 07 03
14066 20 16 08 14 31 03 11
14065 12 31 07 33 19 12 07
14064 34 33 15 35 08 01 08
14063 17 23 34 21 11 03 04
14062 17 24 07 25 04 02 04
14061 29 11 17 04 20 10 06
14060 29 12 34 22 30 05 11
14059 25 07 17 15 29 11 04
14058 22 26 15 09 24 02 07
14057 20 10 08 33 27 09 01
14056 28 18 35 29 12 08 07
14055 26 23 35 04 27 10 11
14054 34 03 20 02 25 12 01
14053 02 17 11 30 27 04 03
14052 24 21 14 19 30 02 07
14051 30 01 11 07 29 03 11
14050 10 18 28 35 27 01 06
14049 31 03 17 15 22 05 03
14048 15 35 02 01 05 11 01
14047 18 34 17 30 06 06 12
14046 15 18 03 26 21 01 06
14045 06 10 12 16 30 11 02
14044 27 23 25 22 35 11 03
14043 30 23 11 01 29 12 01
14042 27 25 21 16 35 11 06
14041 11 05 07 15 18 12 05
14040 21 33 12 30 15 08 02
14039 11 20 15 02 05 08 11
14038 32 08 12 20 07 05 03
14037 03 34 04 08 19 04 02
14036 02 01 12 29 17 03 08
14035 14 12 28 29 09 03 10
14034 27 11 03 14 32 05 07
14033 08 28 07 01 29 04 08
14032 05 06 02 09 31 09 02
14031 27 32 33 15 06 03 04
14030 18 35 29 03 14 12 11
14029 35 22 03 23 21 09 05
14028 25 10 30 20 03 10 12
14027 10 29 09 24 28 12 10
14026 26 15 12 05 10 08 04
14025 19 32 34 27 20 06 08
14024 07 11 15 31 32 11 06
14023 04 13 15 29 33 05 09
14022 06 16 10 03 25 11 10
14021 10 06 17 23 24 03 09
14020 14 35 01 30 17 06 07
14019 32 07 29 22 12 12 11
14018 34 09 12 28 08 02 12
14017 23 05 10 11 34 01 10
14016 34 06 13 04 24 09 04
14015 06 30 20 04 18 07 05
14014 09 01 29 11 27 03 11
14013 28 13 22 11 10 12 04
14012 21 23 09 20 29 07 05
14011 04 14 06 24 35 07 12
14010 27 10 26 20 05 01 03
14009 33 25 29 10 18 08 07
14008 13 11 20 28 35 05 01
14007 21 08 11 32 14 11 03
14006 07 01 35 16 04 06 08
14005 29 17 15 33 18 04 08
14004 28 10 27 19 07 12 09
14003 11 21 13 33 07 06 05
14002 29 01 12 21 24 07 01
14001 05 13 20 23 29 08 11
13153 05 16 30 17 04 03 09
13152 09 12 14 19 18 03 09
13151 27 02 13 21 30 03 04
13150 22 18 06 07 14 08 11
13149 09 07 06 13 08 07 05
13148 09 02 05 32 29 03 07
13147 03 25 24 22 09 05 09
13146 25 31 06 07 15 01 09
13145 20 18 02 13 15 11 02
13144 35 23 20 21 03 02 08
13143 03 31 14 08 21 08 06
13142 29 06 25 11 28 04 12
13141 15 25 31 18 05 08 10
13140 01 26 17 28 12 01 06
13139 06 05 31 18 20 06 07
13138 17 24 08 03 13 09 07
13137 12 32 04 33 34 08 06
13136 25 05 28 11 15 05 11
13135 04 19 25 13 26 07 12
13134 32 13 02 23 19 02 09
13133 10 08 02 16 17 12 09
13132 28 26 34 23 31 02 10
13131 29 31 15 12 30 12 04
13130 15 08 30 09 19 09 06
13129 29 30 33 23 11 04 01
13128 27 35 13 33 11 01 02
13127 03 16 32 19 14 05 10
13126 10 09 15 18 30 06 03
13125 14 28 23 04 08 08 04
13124 07 21 32 05 18 10 11
13123 10 34 09 33 02 12 05
13122 17 20 35 24 15 04 12
13121 19 20 03 24 18 12 03
13120 26 22 15 06 14 03 11
13119 01 23 16 02 35 11 01
13118 31 06 11 04 20 01 05
13117 23 25 16 33 05 12 07
13116 13 23 22 33 30 09 11
13115 29 34 16 05 32 04 11
13114 21 17 33 23 06 01 09
13113 19 21 23 28 30 12 08
13112 22 29 10 20 02 12 05
13111 13 20 07 27 12 03 01
13110 33 32 16 07 18 02 07
13109 32 26 13 29 20 06 02
13108 13 10 05 15 18 11 02
13107 25 18 13 14 07 12 05
13106 06 07 27 12 13 03 12
13105 07 27 30 34 13 12 01
13104 05 29 27 11 02 11 01
13103 05 13 08 16 31 09 03
13102 06 19 26 15 12 02 11
13101 09 32 15 04 13 02 09
13100 26 12 24 30 09 05 09
13099 11 04 33 28 30 12 05
13098 06 16 02 34 29 10 11
13097 07 13 17 08 32 03 08
13096 26 22 19 20 17 06 08
13095 33 17 30 03 28 01 10
13094 34 33 03 35 28 09 06
13093 05 26 18 17 01 05 07
13092 21 10 33 27 07 09 03
13091 34 35 09 04 28 02 08
13090 26 30 02 33 31 12 11
13089 24 29 07 23 06 11 04
13088 08 35 03 05 33 01 03
13087 12 32 22 09 34 02 04
13086 16 09 29 31 26 06 09
13085 32 27 08 19 23 03 05
13084 22 08 29 26 35 01 05
13083 35 30 26 32 29 10 04
13082 09 26 03 33 25 03 12
13081 15 23 17 07 09 07 02
13080 23 27 31 21 06 06 04
13079 17 21 10 09 34 07 01
13078 07 31 33 02 23 08 02
13077 30 32 24 35 26 06 12
13076 16 26 27 15 13 09 10
13075 35 13 11 19 01 07 08
13074 32 24 06 14 20 07 01
13073 03 27 31 05 23 06 02
13072 12 35 27 33 28 05 03
13071 26 28 19 27 13 03 11
13070 09 18 29 21 12 01 08
13069 16 30 13 06 12 12 07
13068 27 10 17 34 35 07 05
13067 02 08 03 05 29 10 12
13066 34 13 07 33 06 11 02
13065 09 31 28 34 35 02 09
13064 26 24 21 32 28 03 01
13063 03 05 11 27 28 06 05
13062 08 01 05 09 12 12 09
13061 21 14 32 01 18 10 05
13060 25 15 32 26 35 05 10
13059 24 03 08 27 11 12 07
13058 20 21 27 31 35 11 07
13057 35 27 33 07 15 07 10
13056 35 30 32 11 22 03 04
13055 22 24 04 05 23 09 03
13054 08 30 21 05 32 08 01
13053 31 33 34 13 35 07 05
13052 02 10 01 31 29 01 10
13051 05 18 33 15 08 07 08
13050 33 22 14 30 32 07 08
13049 18 31 25 32 22 06 04
13048 32 23 11 10 33 04 01
13047 20 12 28 35 30 11 03
13046 32 15 19 16 25 11 05
13045 08 12 21 11 25 02 07
13044 18 07 28 11 13 05 10
13043 35 13 34 07 25 07 09
13042 06 23 22 02 33 06 01
13041 13 03 14 34 15 08 05
13040 22 26 17 16 35 10 03
13039 23 30 33 06 35 07 10
13038 25 26 01 19 24 09 07
13037 34 26 31 02 32 06 08
13036 08 35 33 32 12 03 05
13035 05 14 34 28 32 08 07
13034 03 29 19 01 11 08 04
13033 22 18 12 28 31 11 01
13032 35 27 33 28 12 01 08
13031 17 32 26 18 12 10 11
13030 05 28 09 10 03 05 07
13029 17 26 07 05 25 10 04
13028 13 19 28 30 34 08 12
13027 24 14 12 35 03 03 08
13026 02 10 30 33 16 05 06
13025 25 28 03 26 23 12 10
13024 14 18 09 12 24 01 04
13023 35 19 05 26 24 05 07
13022 13 04 03 17 23 03 08
13021 24 23 30 28 33 01 11
13020 32 11 31 20 06 09 05
13019 29 17 06 30 12 11 07
13018 23 33 34 31 20 03 09
13017 14 29 22 11 34 05 11
13016 32 27 19 05 15 09 08
13015 26 33 14 15 32 01 11
13014 05 31 29 25 08 04 02
13013 13 15 35 29 30 01 11
13012 31 32 34 14 01 02 11
13011 01 02 23 08 15 06 09
13010 09 29 18 17 15 11 09
13009 19 29 27 10 17 12 05
13008 29 02 25 34 07 06 03
13007 29 14 33 34 32 06 03
13006 31 20 25 32 08 05 07
13005 26 22 18 28 31 12 10
13004 08 07 20 25 12 07 03
13003 18 16 31 01 21 09 12
13002 32 20 31 04 27 06 12
13001 11 32 31 06 09 05 11
12154 31 27 03 26 32 09 03
12153 22 13 10 08 09 10 05
12152 04 34 33 17 26 02 08
12151 03 19 33 20 24 03 04
12150 31 14 02 18 24 02 03
12149 33 02 34 23 10 05 10
12148 16 29 04 27 34 06 11
12147 33 03 17 19 02 02 09
12146 17 10 01 26 13 06 08
12145 31 22 35 05 33 06 09
12144 29 21 14 13 11 10 01
12143 09 27 29 31 30 06 03
12142 15 19 35 29 34 10 07
12141 23 34 03 19 11 02 12
12140 28 29 27 07 17 10 09
12139 10 09 22 25 12 11 04
12138 17 31 13 27 33 12 06
12137 03 12 21 20 27 01 06
12136 23 02 31 29 30 04 01
12135 17 33 05 03 18 07 06
12134 06 18 35 32 01 07 02
12133 29 30 07 13 05 05 01
12132 33 08 21 25 05 01 11
12131 30 16 18 02 27 12 08
12130 14 23 29 19 30 07 06
12129 01 28 31 21 07 03 09
12128 30 31 19 09 10 04 11
12127 13 12 35 14 25 12 10
12126 21 14 28 13 29 10 05
12125 22 06 14 17 35 01 02
12124 19 11 20 07 35 10 05
12123 08 05 18 30 33 09 01
12122 31 29 25 24 23 12 03
12121 18 30 20 29 07 05 06
12120 02 23 29 10 21 04 03
12119 19 05 32 09 06 06 09
12118 25 30 17 05 33 01 12
12117 33 18 01 21 12 08 07
12116 01 18 11 20 22 10 07
12115 23 13 06 19 01 06 09
12114 35 03 21 06 33 01 07
12113 03 10 27 22 29 12 03
12112 01 28 31 35 02 05 07
12111 25 33 30 01 24 11 04
12110 01 26 11 17 19 12 05
12109 35 01 32 30 22 11 09
12108 35 06 07 24 12 06 02
12107 09 22 04 07 33 03 01
12106 29 25 23 15 31 09 10
12105 05 15 31 14 06 08 06
12104 25 24 27 16 18 09 04
12103 09 23 02 24 18 04 01
12102 06 35 02 04 13 08 04
12101 31 02 09 08 05 03 07
12100 27 07 19 13 09 03 01
12099 24 12 18 25 32 02 12
12098 28 29 30 11 02 12 06
12097 29 24 17 32 09 01 02
12096 05 24 10 19 35 08 09
12095 22 06 30 27 09 12 08
12094 14 35 32 23 02 10 01
12093 16 02 31 21 33 11 04
12092 31 08 09 23 25 12 02
12091 03 10 28 33 31 01 09
12090 02 21 29 33 27 10 02
12089 06 29 12 21 32 06 11
12088 17 30 13 35 24 02 10
12087 01 31 21 06 07 11 04
12086 32 20 25 29 03 05 10
12085 33 31 29 18 07 12 10
12084 29 27 21 24 31 01 02
12083 28 31 29 19 16 08 05
12082 02 09 15 04 10 08 10
12081 17 35 30 10 16 08 01
12080 11 12 14 25 28 02 05
12079 01 33 05 32 25 01 10
12078 01 25 23 02 35 12 05
12077 32 34 10 30 33 03 02
12076 02 22 24 14 16 05 02
12075 18 10 07 22 09 05 10
12074 22 32 23 10 30 01 07
12073 23 29 18 34 33 07 02
12072 08 04 25 22 17 04 10